Components library for reliability study.

component 42 nand
4 1 1 1 0;

component 42 and
4 0 0 0 1;

component 0 WIRE
2 0 1;
component 1 INV
2 1 0;
component 2 AND2
4 0 0 0 1;
component 3 OR2
4 0 1 1 1;
component 4 XOR2
4 0 1 1 0;
component 5 NAND2
4 1 1 1 0;
component 6 NOR2
4 1 0 0 0;
component 7 XNOR2
4 1 0 0 1;
component 8 XOR3
8 0 1 1 0 1 0 0 1;
component 9 MAJ3
8 0 0 0 1 0 1 1 1;
component 10 IVLLX05
2 1 0;
component 11 AO7LL
8 1 1 1 0 1 0 1 0;
component 12 ND2LL
4 1 1 1 0;
component 13 EN3LL
8 1 0 0 1 0 1 1 0;
component 14 AO5ALL
8 1 0 0 0 1 1 1 0;
component 15 AO5ANLL
8 0 1 1 1 0 0 0 1;
component 16 AO1NLL
16 0 1 1 1 0 1 1 1 0 1 1 1 1 1 1 1;
component 17 AO17ALL
16 1 1 1 0 1 0 1 0 1 1 1 0 1 1 1 0;
component 18 AO20LL
16 1 0 1 0 1 0 0 0 1 0 0 0 1 0 0 0;
component 19 EO3LL
8 0 1 1 0 1 0 0 1;
component 20 EOLL
4 0 1 1 0;
component 21 MUX21NLL
8 1 1 1 0 0 1 0 0;
component 22 NR2LL
4 1 0 0 0;
component 23 NR4LL
16 1 0 0 0 0 0 0 0 0 0 0 0 0 0 0 0; 
component 24 ENLL
4 1 0 0 1;
component 25 AO5NLL
8 0 0 0 1 0 1 1 1;
component 26 AN2LLP
4 0 0 0 1;
component 27 AO6LLP
8 0 1 0 1 0 1 1 1;
component 28 AO17LL
16 1 1 1 0 1 1 1 0 1 1 1 0 1 0 1 0;
component 29 AO52NLL
32 0 0 0 0 0 0 0 0 0 0 0 0 0 0 0 1 0 0 0 0 0 0 0 1 0 0 0 0 0 0 0 1;
component 30 ND3LL
8 1 1 1 1 1 1 1 0;
component 31 ND4LL
16 1 1 1 1 1 1 1 1 1 1 1 1 1 1 1 0;
component 32 AN2LL
4 0 0 0 1;
component 33 AO2LL
16 1 1 1 0 1 1 1 0 1 1 1 0 0 0 0 0;
component 34 AO52LL
32 1 1 1 1 1 1 1 1 1 1 1 1 1 1 1 0 1 1 1 1 1 1 1 0 1 1 1 1 1 1 1 0;
component 35 AO20DLL
16 0 1 0 1 0 1 0 0 0 1 0 0 0 1 0 0;
component 36 AO6LL
8 1 0 1 0 1 0 0 0;
component 37 OR3LL
8 0 1 1 1 1 1 1 1;
component 38 NR4ABLL
16 0 0 0 0 0 0 0 0 0 0 0 0 1 0 0 0;
component 39 NR4ALL
16 0 0 0 0 0 0 0 0 1 0 0 0 0 0 0 0;
component 40 NR2ALL
4 0 0 1 0;
component 41 NR4ABCLL
16 0 0 0 0 0 0 0 0 0 0 0 0 0 0 1 0;
component 42 AO1ALL
16 1 0 0 0 0 0 0 0 1 0 0 0 0 0 0 0;
component 43 AO10NLL
32 0 1 0 1 0 1 1 1 0 1 0 1 0 1 1 1 0 1 0 1 0 1 1 1 1 1 1 1 1 1 1 1;
component 44 AO21LL
16 1 1 1 0 1 0 1 0 1 0 1 0 1 0 1 0;
component 45 AO2ALL
16 1 1 1 0 0 0 0 0 1 1 1 0 1 1 1 0;
component 46 AO4LL
16 1 1 1 1 1 0 0 0 1 0 0 0 1 0 0 0;
component 47 AO4ALLP
16 1 0 0 0 1 0 0 0 1 1 1 1 1 0 0 0;
component 48 AO5LL
8 1 1 1 0 1 0 0 0;
component 49 AO6NLL
8 0 1 0 1 0 1 1 1;
component 50 ND2ALL
4 1 0 1 1;
component 51 AO7ALL
8 1 0 1 0 1 1 1 0;
component 52 AO8LL
16 1 0 1 0 1 0 1 0 1 0 1 0 1 0 0 0;
component 53 AO3LL
16 1 1 1 1 1 1 1 0 1 1 1 0 1 1 1 0;
component 54 AO7NLL
8 0 0 0 1 0 1 0 1;
component 55 GND
2 0 0;
component 56 VCC
2 1 1;
component 57 FFLOPD
2 0 1;
component 58 BUF
2 0 1;
component 59 AND3
8 0 0 0 0 0 0 0 1 
component 60 AND4
16 0 0 0 0 0 0 0 0 0 0 0 0 0 0 0 1;
component 61 AND5
32 0 0 0 0 0 0 0 0 0 0 0 0 0 0 0 0 0 0 0 0 0 0 0 0 0 0 0 0 0 0 0 1;
component 62 NOR3
8 1 0 0 0 0 0 0 0;
component 63 NOR4
16 1 0 0 0 0 0 0 0 0 0 0 0 0 0 0 0;
component 64 NOR5
32 1 0 0 0 0 0 0 0 0 0 0 0 0 0 0 0 0 0 0 0 0 0 0 0 0 0 0 0 0 0 0 0;
component 65 OR3
8 0 1 1 1 1 1 1 1;
component 66 OR4
16 0 1 1 1 1 1 1 1 1 1 1 1 1 1 1 1;
component 67 OR5
32 0 1 1 1 1 1 1 1 1 1 1 1 1 1 1 1 1 1 1 1 1 1 1 1 1 1 1 1 1 1 1 1;
component 68 NAND3
8 1 1 1 1 1 1 1 0;
component 69 NAND4
16 1 1 1 1 1 1 1 1 1 1 1 1 1 1 1 0;
component 70 NAND5
32 1 1 1 1 1 1 1 1 1 1 1 1 1 1 1 1 1 1 1 1 1 1 1 1 1 1 1 1 1 1 1 0;
component 71 NAND6
64 1 1 1 1 1 1 1 1 1 1 1 1 1 1 1 1 1 1 1 1 1 1 1 1 1 1 1 1 1 1 1 1 1 1 1 1 1 1 1 1 1 1 1 1 1 1 1 1 1 1 1 1 1 1 1 1 1 1 1 1 1 1 1 0;
component 72 NAND7
128 1 1 1 1 1 1 1 1 1 1 1 1 1 1 1 1 1 1 1 1 1 1 1 1 1 1 1 1 1 1 1 1 1 1 1 1 1 1 1 1 1 1 1 1 1 1 1 1 1 1 1 1 1 1 1 1 1 1 1 1 1 1 1 1 1 1 1 1 1 1 1 1 1 1 1 1 1 1 1 1 1 1 1 1 1 1 1 1 1 1 1 1 1 1 1 1 1 1 1 1 1 1 1 1 1 1 1 1 1 1 1 1 1 1 1 1 1 1 1 1 1 1 1 1 1 1 1 0;
component 73 NAND8
256 1 1 1 1 1 1 1 1 1 1 1 1 1 1 1 1 1 1 1 1 1 1 1 1 1 1 1 1 1 1 1 1 1 1 1 1 1 1 1 1 1 1 1 1 1 1 1 1 1 1 1 1 1 1 1 1 1 1 1 1 1 1 1 1 1 1 1 1 1 1 1 1 1 1 1 1 1 1 1 1 1 1 1 1 1 1 1 1 1 1 1 1 1 1 1 1 1 1 1 1 1 1 1 1 1 1 1 1 1 1 1 1 1 1 1 1 1 1 1 1 1 1 1 1 1 1 1 1 1 1 1 1 1 1 1 1 1 1 1 1 1 1 1 1 1 1 1 1 1 1 1 1 1 1 1 1 1 1 1 1 1 1 1 1 1 1 1 1 1 1 1 1 1 1 1 1 1 1 1 1 1 1 1 1 1 1 1 1 1 1 1 1 1 1 1 1 1 1 1 1 1 1 1 1 1 1 1 1 1 1 1 1 1 1 1 1 1 1 1 1 1 1 1 1 1 1 1 1 1 1 1 1 1 1 1 1 1 1 1 1 1 1 1 1 1 1 1 1 1 1 1 1 1 1 1 0;
component 74 AND6
64 0 0 0 0 0 0 0 0 0 0 0 0 0 0 0 0 0 0 0 0 0 0 0 0 0 0 0 0 0 0 0 0 0 0 0 0 0 0 0 0 0 0 0 0 0 0 0 0 0 0 0 0 0 0 0 0 0 0 0 0 0 0 0 1;
component 75 AND7
128 0 0 0 0 0 0 0 0 0 0 0 0 0 0 0 0 0 0 0 0 0 0 0 0 0 0 0 0 0 0 0 0 0 0 0 0 0 0 0 0 0 0 0 0 0 0 0 0 0 0 0 0 0 0 0 0 0 0 0 0 0 0 0 0 0 0 0 0 0 0 0 0 0 0 0 0 0 0 0 0 0 0 0 0 0 0 0 0 0 0 0 0 0 0 0 0 0 0 0 0 0 0 0 0 0 0 0 0 0 0 0 0 0 0 0 0 0 0 0 0 0 0 0 0 0 0 0 1;
component 76 AND8
256 0 0 0 0 0 0 0 0 0 0 0 0 0 0 0 0 0 0 0 0 0 0 0 0 0 0 0 0 0 0 0 0 0 0 0 0 0 0 0 0 0 0 0 0 0 0 0 0 0 0 0 0 0 0 0 0 0 0 0 0 0 0 0 0 0 0 0 0 0 0 0 0 0 0 0 0 0 0 0 0 0 0 0 0 0 0 0 0 0 0 0 0 0 0 0 0 0 0 0 0 0 0 0 0 0 0 0 0 0 0 0 0 0 0 0 0 0 0 0 0 0 0 0 0 0 0 0 0 0 0 0 0 0 0 0 0 0 0 0 0 0 0 0 0 0 0 0 0 0 0 0 0 0 0 0 0 0 0 0 0 0 0 0 0 0 0 0 0 0 0 0 0 0 0 0 0 0 0 0 0 0 0 0 0 0 0 0 0 0 0 0 0 0 0 0 0 0 0 0 0 0 0 0 0 0 0 0 0 0 0 0 0 0 0 0 0 0 0 0 0 0 0 0 0 0 0 0 0 0 0 0 0 0 0 0 0 0 0 0 0 0 0 0 0 0 0 0 0 0 0 0 0 0 0 0 1;
component 77 NOR6
64 1 0 0 0 0 0 0 0 0 0 0 0 0 0 0 0 0 0 0 0 0 0 0 0 0 0 0 0 0 0 0 0 0 0 0 0 0 0 0 0 0 0 0 0 0 0 0 0 0 0 0 0 0 0 0 0 0 0 0 0 0 0 0 0;
component 78 NOR7
128 1 0 0 0 0 0 0 0 0 0 0 0 0 0 0 0 0 0 0 0 0 0 0 0 0 0 0 0 0 0 0 0 0 0 0 0 0 0 0 0 0 0 0 0 0 0 0 0 0 0 0 0 0 0 0 0 0 0 0 0 0 0 0 0 0 0 0 0 0 0 0 0 0 0 0 0 0 0 0 0 0 0 0 0 0 0 0 0 0 0 0 0 0 0 0 0 0 0 0 0 0 0 0 0 0 0 0 0 0 0 0 0 0 0 0 0 0 0 0 0 0 0 0 0 0 0 0 0;
component 79 NOR8
256 1 0 0 0 0 0 0 0 0 0 0 0 0 0 0 0 0 0 0 0 0 0 0 0 0 0 0 0 0 0 0 0 0 0 0 0 0 0 0 0 0 0 0 0 0 0 0 0 0 0 0 0 0 0 0 0 0 0 0 0 0 0 0 0 0 0 0 0 0 0 0 0 0 0 0 0 0 0 0 0 0 0 0 0 0 0 0 0 0 0 0 0 0 0 0 0 0 0 0 0 0 0 0 0 0 0 0 0 0 0 0 0 0 0 0 0 0 0 0 0 0 0 0 0 0 0 0 0 0 0 0 0 0 0 0 0 0 0 0 0 0 0 0 0 0 0 0 0 0 0 0 0 0 0 0 0 0 0 0 0 0 0 0 0 0 0 0 0 0 0 0 0 0 0 0 0 0 0 0 0 0 0 0 0 0 0 0 0 0 0 0 0 0 0 0 0 0 0 0 0 0 0 0 0 0 0 0 0 0 0 0 0 0 0 0 0 0 0 0 0 0 0 0 0 0 0 0 0 0 0 0 0 0 0 0 0 0 0 0 0 0 0 0 0 0 0 0 0 0 0 0 0 0 0 0 0;
component 80 AND9
512 0 0 0 0 0 0 0 0 0 0 0 0 0 0 0 0 0 0 0 0 0 0 0 0 0 0 0 0 0 0 0 0 0 0 0 0 0 0 0 0 0 0 0 0 0 0 0 0 0 0 0 0 0 0 0 0 0 0 0 0 0 0 0 0 0 0 0 0 0 0 0 0 0 0 0 0 0 0 0 0 0 0 0 0 0 0 0 0 0 0 0 0 0 0 0 0 0 0 0 0 0 0 0 0 0 0 0 0 0 0 0 0 0 0 0 0 0 0 0 0 0 0 0 0 0 0 0 0 0 0 0 0 0 0 0 0 0 0 0 0 0 0 0 0 0 0 0 0 0 0 0 0 0 0 0 0 0 0 0 0 0 0 0 0 0 0 0 0 0 0 0 0 0 0 0 0 0 0 0 0 0 0 0 0 0 0 0 0 0 0 0 0 0 0 0 0 0 0 0 0 0 0 0 0 0 0 0 0 0 0 0 0 0 0 0 0 0 0 0 0 0 0 0 0 0 0 0 0 0 0 0 0 0 0 0 0 0 0 0 0 0 0 0 0 0 0 0 0 0 0 0 0 0 0 0 0 0 0 0 0 0 0 0 0 0 0 0 0 0 0 0 0 0 0 0 0 0 0 0 0 0 0 0 0 0 0 0 0 0 0 0 0 0 0 0 0 0 0 0 0 0 0 0 0 0 0 0 0 0 0 0 0 0 0 0 0 0 0 0 0 0 0 0 0 0 0 0 0 0 0 0 0 0 0 0 0 0 0 0 0 0 0 0 0 0 0 0 0 0 0 0 0 0 0 0 0 0 0 0 0 0 0 0 0 0 0 0 0 0 0 0 0 0 0 0 0 0 0 0 0 0 0 0 0 0 0 0 0 0 0 0 0 0 0 0 0 0 0 0 0 0 0 0 0 0 0 0 0 0 0 0 0 0 0 0 0 0 0 0 0 0 0 0 0 0 0 0 0 0 0 0 0 0 0 0 0 0 0 0 0 0 0 0 0 0 0 0 0 0 0 0 0 0 0 0 0 0 0 0 0 0 0 0 0 0 0 0 0 0 0 0 0 0 0 0 0 0 0 0 0 0 0 0 0 0 0 0 0 0 0 0 0 0 0 0 0 0 0 0 0 0 0 0 0 0 0 0 0 0 0 0 1;
component 81 MUX2
8 0 0 0 1 1 0 1 1;
end;
